ID          FITNESS     NUM_GENS    
0           0.6357      
1           0.6837      
2           0.0000      
3           0.6045      
4           0.6993      
5           0.6808      
6           0.6878      
7           0.0021      
8           0.7172      
9           0.0626      
10          0.4115      
11          0.5531      
12          0.6993      
13          0.1552      
14          0.0246      
15          0.0164      
16          0.0246      
17          0.0663      
18          0.6993      
19          0.2184      
20          0.4508      
21          0.7254      
22          0.0192      
23          0.0513      
24          0.4388      
25          0.6993      
26          0.0680      
27          0.1681      
28          0.0105      
29          0.6357      
30          0.6993      
31          0.5379      
32          0.5828      
33          0.0473      
34          0.5315      
35          0.3027      
36          0.0000      
37          0.0374      
38          0.0085      
39          0.0026      
40          0.6993      
41          0.0343      
42          0.1301      
43          0.5697      
44          0.0405      
45          0.6993      
46          0.6993      
47          0.4995      
48          0.0513      
49          0.5379      
50          0.3300      
51          0.6993      
52          0.0001      
53          0.0101      
54          0.6993      
55          0.0513      
56          0.6358      
57          0.0229      
58          0.7254      
59          0.5186      
60          0.5673      
61          0.6993      
62          0.6808      
63          0.0516      
64          0.0466      
65          0.6858      
66          0.6993      
67          0.4539      
68          0.0364      
69          0.6993      
70          0.0829      
71          0.0000      
72          0.0583      
73          0.6808      
74          0.6808      
75          0.0869      
76          0.6837      
77          0.0218      
78          0.0527      
79          0.0475      
80          0.0319      
81          0.0503      
82          0.0237      
83          0.6808      
84          0.0189      
85          0.7172      
86          0.0030      
87          0.5378      
88          0.0558      
89          0.7980      
90          0.3598      
91          0.5237      
92          0.6357      
93          0.6808      
94          0.3431      
95          0.0992      
96          0.5822      
97          0.2694      
98          0.0015      
99          0.6808      
100         0.6858      
101         0.2398      
102         0.6993      
103         0.3184      
104         0.6234      
105         0.0267      
106         0.4662      
107         0.6858      
108         0.0209      
109         0.0447      
110         0.1059      
111         0.2172      
112         0.0046      
113         0.1987      
114         0.6357      
115         0.4899      
116         0.6993      
117         0.0660      
118         0.6993      
119         0.6993      
120         0.0266      
121         0.6858      
122         0.5522      
123         0.6993      
124         0.6357      
125         0.0622      
126         0.4114      
127         0.6357      
128         0.1411      
129         0.6993      
130         0.6993      
131         0.6808      
132         0.2895      
133         0.6357      
134         0.0650      
135         0.6993      
136         0.6378      
137         0.0040      
138         0.6993      
139         0.6858      
140         0.0515      
141         0.6993      
142         0.0661      
143         0.6993      
144         0.0008      
145         0.5487      
146         0.0160      
147         0.0328      
148         0.0176      
149         0.1101      
150         0.0104      
151         0.6858      
152         0.6993      
153         0.0051      
154         0.2880      
155         0.6993      
156         0.4255      
157         0.6858      
158         0.6993      
159         0.0735      
160         0.0336      
161         0.6808      
162         0.6993      
163         0.0243      
164         0.6993      
165         0.5828      
166         0.6013      
167         0.6993      
168         0.6357      
169         0.5828      
170         0.6993      
171         0.6993      
172         0.6630      
173         0.6993      
174         0.6290      
175         0.1552      
176         0.4273      
177         0.0413      
178         0.6993      
179         0.5740      
180         0.2254      
181         0.6993      
182         0.0231      
183         0.6993      
184         0.6993      
185         0.6837      
186         0.6357      
187         0.0459      
188         0.6837      
189         0.0339      
190         0.6993      
191         0.6357      
192         0.6993      
193         0.6993      
194         0.6993      
195         0.6858      
196         0.0234      
197         0.4662      
198         0.0190      
199         0.7980      
200         0.0513      
201         0.5315      
202         0.1071      
203         0.1527      
204         0.0215      
205         0.6808      
206         0.6993      
207         0.0603      
208         0.6837      
209         0.0401      
210         0.6993      
211         0.5828      
212         0.7172      
213         0.5828      
214         0.0000      
215         0.6808      
216         0.0350      
217         0.4396      
218         0.6993      
219         0.5379      
220         0.0640      
221         0.0974      
222         0.3449      
223         0.0593      
224         0.6837      
225         0.0387      
226         0.0315      
227         0.0728      
228         0.2095      
229         0.6357      
230         0.4371      
231         0.2788      
232         0.6235      
233         0.0492      
234         0.6858      
235         0.0767      
236         0.2923      
237         0.2871      
238         0.0635      
239         0.6993      
240         0.0000      
241         0.6993      
242         0.1252      
243         0.6986      
244         0.6808      
245         0.0096      
246         0.0341      
247         0.0483      
248         0.0337      
249         0.6993      
250         0.7254      
251         0.5237      
252         0.6993      
253         0.0412      
254         0.7254      
255         0.5458      
256         0.5828      
257         0.5990      
258         0.2756      
259         0.0329      
260         0.6808      
261         0.1552      
262         0.0336      
263         0.3798      
264         0.6993      
265         0.6678      
266         0.6993      
267         0.3642      
268         0.6993      
269         0.0081      
270         0.0064      
271         0.4864      
272         0.0157      
273         0.4914      
274         0.0221      
275         0.6960      
276         0.3135      
277         0.5237      
278         0.0843      
279         0.0402      
280         0.3952      
281         0.6215      
282         0.6993      
283         0.6993      
284         0.5226      
285         0.0513      
286         0.5847      
287         0.0223      
288         0.6837      
289         0.0216      
290         0.3917      
291         0.6357      
292         0.3681      
293         0.0325      
294         0.5954      
295         0.1127      
296         0.6993      
297         0.0714      
298         0.6993      
299         0.0681      
300         0.0055      
301         0.1411      
302         0.0404      
303         0.6993      
304         0.7172      
305         0.0680      
306         0.1742      
307         0.6517      
308         0.0460      
309         0.6993      
310         0.0679      
311         0.3387      
312         0.7002      
313         0.7254      
314         0.0275      
315         0.0014      
316         0.6858      
317         0.6813      
318         0.5446      
319         0.6960      
320         0.1071      
321         0.1136      
322         0.6993      
323         0.2235      
324         0.0019      
325         0.4995      
326         0.0051      
327         0.4176      
328         0.7254      
329         0.3721      
330         0.1370      
331         0.6808      
332         0.0042      
333         0.6993      
334         0.5780      
335         0.0432      
336         0.6837      
337         0.0993      
338         0.0171      
339         0.6993      
340         0.3809      
341         0.0027      
342         0.0496      
343         0.6357      
344         0.0184      
345         0.6993      
346         0.0042      
347         0.6808      
348         0.6357      
349         0.0278      
350         0.2939      
351         0.0000      
352         0.0104      
353         0.0524      
354         0.6993      
355         0.5926      
356         0.1114      
357         0.0670      
358         0.0425      
359         0.6878      
360         0.6993      
361         0.7254      
362         0.6993      
363         0.6808      
364         0.0747      
365         0.0338      
366         0.6357      
367         0.6993      
368         0.1552      
369         0.1489      
370         0.3165      
371         0.0409      
372         0.6858      
373         0.6993      
374         0.0859      
375         0.0291      
376         0.0934      
377         0.6808      
378         0.6993      
379         0.5715      
380         0.0731      
381         0.6837      
382         0.2998      
383         0.6993      
384         0.6993      
385         0.5379      
386         0.5723      
387         0.6993      
388         0.0074      
389         0.0784      
390         0.7019      
391         0.0190      
392         0.6878      
393         0.4864      
394         0.7098      
395         0.3928      
396         0.5673      
397         0.6098      
398         0.6837      
399         0.0215      
400         0.0358      
401         0.3537      
402         0.4376      
403         0.6808      
404         0.0398      
405         0.0400      
406         0.0502      
407         0.0646      
408         0.6808      
409         0.6045      
410         0.6993      
411         0.6130      
412         0.6993      
413         0.1583      
414         0.3818      
415         0.0466      
416         0.0009      
417         0.0173      
418         0.7980      
419         0.6993      
420         0.5133      
421         0.6333      
422         0.0376      
423         0.0027      
424         0.6858      
425         0.1087      
426         0.4995      
427         0.3882      
428         0.3028      
429         0.1552      
430         0.6993      
431         0.5705      
432         0.1507      
433         0.6858      
434         0.3853      
435         0.0923      
436         0.4114      
437         0.1124      
438         0.6358      
439         0.6523      
440         0.0904      
441         0.6253      
442         0.4863      
443         0.6993      
444         0.0778      
445         0.6357      
446         0.6993      
447         0.1209      
448         0.5705      
449         0.7254      
450         0.0441      
451         0.6993      
452         0.0155      
453         0.6936      
454         0.6858      
455         0.5289      
456         0.6993      
457         0.1163      
458         0.0123      
459         0.0000      
460         0.6993      
461         0.6993      
462         0.0229      
463         0.6993      
464         0.7254      
465         0.0431      
466         0.0513      
467         0.3085      
468         0.6993      
469         0.0410      
470         0.6837      
471         0.6357      
472         0.6358      
473         0.0064      
474         0.0133      
475         0.0404      
476         0.0332      
477         0.0164      
478         0.5384      
479         0.5611      
480         0.6993      
481         0.2186      
482         0.7254      
483         0.6993      
484         0.0333      
485         0.0251      
486         0.4412      
487         0.0302      
488         0.0981      
489         0.6837      
490         0.0402      
491         0.2571      
492         0.6357      
493         0.5715      
494         0.6993      
495         0.0503      
496         0.6858      
497         0.0434      
498         0.6993      
499         0.6993      
500         0.6993      
501         0.0088      
502         0.6858      
503         0.0582      
504         0.0598      
505         0.0367      
506         0.6993      
507         0.0184      
508         0.6993      
509         0.5828      
510         0.6858      
511         0.0466      
512         0.0095      
513         0.6993      
514         0.0468      
515         0.0679      
516         0.6858      
517         0.6808      
518         0.6858      
519         0.4572      
520         0.6993      
521         0.6837      
522         0.6517      
523         0.6333      
524         0.0988      
525         0.0000      
526         0.5717      
527         0.4961      
528         0.4872      
529         0.0968      
530         0.0335      
531         0.0600      
532         0.0236      
533         0.6595      
534         0.5715      
535         0.5828      
536         0.0683      
537         0.6808      
538         0.0401      
539         0.0262      
540         0.0181      
541         0.6808      
542         0.0315      
543         0.0731      
544         0.6189      
545         0.6595      
546         0.6993      
547         0.0270      
548         0.1573      
549         0.0092      
550         0.0781      
551         0.6652      
552         0.6993      
553         0.6858      
554         0.0441      
555         0.0209      
556         0.6993      
557         0.6808      
558         0.0149      
559         0.6318      
560         0.6858      
561         0.0229      
562         0.6993      
563         0.0000      
564         0.6808      
565         0.3325      
566         0.0302      
567         0.6993      
568         0.0460      
569         0.0281      
570         0.4114      
571         0.0859      
572         0.5315      
573         0.6993      
574         0.0003      
575         0.6993      
576         0.0192      
577         0.7254      
578         0.6837      
579         0.4872      
580         0.6808      
581         0.6993      
582         0.0367      
583         0.0433      
584         0.0302      
585         0.6993      
586         0.2404      
587         0.0454      
588         0.4872      
589         0.0141      
590         0.6993      
591         0.5276      
592         0.4115      
593         0.0513      
594         0.6993      
595         0.0703      
596         0.1071      
597         0.0974      
598         0.4863      
599         0.1303      
600         0.6808      
601         0.6993      
602         0.6357      
603         0.0729      
604         0.6357      
605         0.0842      
606         0.5673      
607         0.6993      
608         0.6858      
609         0.1020      
610         0.4995      
611         0.7254      
612         0.0497      
613         0.0154      
614         0.5780      
615         0.0223      
616         0.5048      
617         0.6858      
618         0.5828      
619         0.6333      
620         0.0581      
621         0.6993      
622         0.6189      
623         0.6993      
624         0.1552      
625         0.5580      
626         0.6858      
627         0.6993      
628         0.0493      
629         0.0216      
630         0.6993      
631         0.6329      
632         0.6993      
633         0.7081      
634         0.6808      
635         0.1337      
636         0.6993      
637         0.3798      
638         0.0150      
639         0.6993      
640         0.6193      
641         0.5446      
642         0.6808      
643         0.6993      
644         0.6993      
645         0.5926      
646         0.4662      
647         0.7081      
648         0.6993      
649         0.4662      
650         0.0608      
651         0.6993      
652         0.7244      
653         0.6993      
654         0.6808      
655         0.6357      
656         0.3725      
657         0.0313      
658         0.1302      
659         0.6808      
660         0.6993      
661         0.1552      
662         0.0293      
663         0.6808      
664         0.7254      
665         0.7003      
666         0.6993      
667         0.6837      
668         0.1783      
669         0.3583      
670         0.4644      
671         0.6858      
672         0.6993      
673         0.6808      
674         0.1071      
675         0.3670      
676         0.6993      
677         0.7180      
678         0.0599      
679         0.4872      
680         0.5379      
681         0.6963      
682         0.0259      
683         0.6993      
684         0.0338      
685         0.1552      
686         0.5717      
687         0.0055      
688         0.6993      
689         0.0191      
690         0.7254      
691         0.6294      
692         0.0410      
693         0.0171      
694         0.6993      
695         0.6045      
696         0.6357      
697         0.6808      
698         0.1248      
699         0.0406      
700         0.6960      
701         0.4863      
702         0.0560      
703         0.0535      
704         0.0447      
705         0.6993      
706         0.3179      
707         0.6858      
708         0.5705      
709         0.0216      
710         0.1505      
711         0.4030      
712         0.0000      
713         0.0021      
714         0.0269      
715         0.5446      
716         0.0772      
717         0.6993      
718         0.1071      
719         0.0367      
720         0.6837      
721         0.0351      
722         0.6993      
723         0.0406      
724         0.6357      
725         0.1104      
726         0.6045      
727         0.1663      
728         0.1020      
729         0.6993      
730         0.6235      
731         0.0053      
732         0.0019      
733         0.6993      
734         0.0354      
735         0.0249      
736         0.6993      
737         0.0859      
738         0.4707      
739         0.0220      
740         0.5990      
741         0.1552      
742         0.6993      
743         0.4995      
744         0.7019      
745         0.0280      
746         0.5374      
747         0.6837      
748         0.6960      
749         0.0493      
750         0.6858      
751         0.0757      
752         0.6595      
753         0.5990      
754         0.6808      
755         0.0731      
756         0.6993      
757         0.0190      
758         0.6993      
759         0.6808      
760         0.0278      
761         0.1552      
762         0.6878      
763         0.6993      
764         0.6858      
765         0.4539      
766         0.6837      
767         0.6993      
768         0.6993      
769         0.3524      
770         0.0750      
771         0.0317      
772         0.0000      
773         0.5715      
774         0.6993      
775         0.6808      
776         0.0946      
777         0.0225      
778         0.0373      
779         0.3704      
780         0.6993      
781         0.6808      
782         0.0460      
783         0.6993      
784         0.4089      
785         0.6235      
786         0.0469      
787         0.0374      
788         0.0499      
789         0.0439      
790         0.1533      
791         0.0064      
792         0.6993      
793         0.0216      
794         0.2208      
795         0.4673      
796         0.3756      
797         0.7980      
798         0.6357      
799         0.5697      
800         0.0092      
801         0.6837      
802         0.6878      
803         0.0055      
804         0.6993      
805         0.4350      
806         0.6993      
807         0.6993      
808         0.0630      
809         0.1210      
810         0.6858      
811         0.6357      
812         0.4262      
813         0.6993      
814         0.6993      
815         0.0843      
816         0.0082      
817         0.0992      
818         0.6993      
819         0.0528      
820         0.0935      
821         0.6993      
822         0.0577      
823         0.6993      
824         0.0806      
825         0.0513      
826         0.6993      
827         0.0397      
828         0.6858      
829         0.5458      
830         0.6993      
831         0.7980      
832         0.7254      
833         0.6650      
834         0.0152      
835         0.0190      
836         0.6189      
837         0.6858      
838         0.1552      
839         0.6357      
840         0.0362      
841         0.0200      
842         0.4158      
843         0.0793      
844         0.6808      
845         0.3335      
846         0.6993      
847         0.0283      
848         0.6512      
849         0.5828      
850         0.0208      
851         0.0044      
852         0.6993      
853         0.6993      
854         0.6993      
855         0.6993      
856         0.0579      
857         0.2208      
858         0.6808      
859         0.0105      
860         0.6808      
861         0.5717      
862         0.6808      
863         0.6858      
864         0.0081      
865         0.6858      
866         0.6993      
867         0.7116      
868         0.5379      
869         0.6993      
870         0.6808      
871         0.6993      
872         0.6279      
873         0.0385      
874         0.0660      
875         0.1287      
876         0.0001      
877         0.1071      
878         0.0379      
879         0.6858      
880         0.5990      
881         0.5619      
882         0.4871      
883         0.6357      
884         0.7172      
885         0.6993      
886         0.1057      
887         0.1294      
888         0.6705      
889         0.6960      
890         0.0156      
891         0.0225      
892         0.6013      
893         0.6858      
894         0.6460      
895         0.0505      
896         0.5335      
897         0.4114      
898         0.2126      
899         0.6993      
900         0.6808      
901         0.6837      
902         0.5673      
903         0.0403      
904         0.6993      
905         0.4977      
906         0.6808      
907         0.2095      
908         0.5990      
909         0.1088      
910         0.6993      
911         0.0580      
912         0.6993      
913         0.4146      
914         0.5291      
915         0.4513      
916         0.6808      
917         0.0312      
918         0.0169      
919         0.6993      
920         0.6452      
921         0.4995      
922         0.6993      
923         0.6993      
924         0.3057      
925         0.6960      
926         0.0356      
927         0.3267      
928         0.5770      
929         0.0630      
930         0.0513      
931         0.6357      
932         0.5990      
933         0.6837      
934         0.0330      
935         0.6993      
936         0.6993      
937         0.5705      
938         0.6993      
939         0.7172      
940         0.0295      
941         0.0804      
942         0.6837      
943         0.2947      
944         0.6357      
945         0.0203      
946         0.6993      
947         0.4561      
948         0.4662      
949         0.6357      
950         0.6993      
951         0.0039      
952         0.0723      
953         0.0413      
954         0.0513      
955         0.7019      
956         0.4889      
957         0.6189      
958         0.0579      
959         0.5432      
960         0.6357      
961         0.6993      
962         0.0812      
963         0.0476      
964         0.2798      
965         0.3740      
966         0.0535      
967         0.6858      
968         0.0071      
969         0.0598      
970         0.0512      
971         0.1000      
972         0.1063      
973         0.6148      
974         0.0850      
975         0.6858      
976         0.6808      
977         0.6993      
978         0.0500      
979         0.3681      
980         0.4255      
981         0.1241      
982         0.5405      
983         0.0763      
984         0.4226      
985         0.6133      
986         0.6630      
987         0.0372      
988         0.5379      
989         0.6858      
990         0.1505      
991         0.1071      
992         0.4662      
993         0.0021      
994         0.6993      
995         0.6357      
996         0.6808      
997         0.6993      
998         0.0363      
999         0.4592      
1000        0.1336      
1001        0.6993      
1002        0.0843      
1003        0.6993      
1004        0.6993      
1005        0.5717      
1006        0.0167      
1007        0.6808      
1008        0.6808      
1009        0.3480      
1010        0.0597      
1011        0.2743      
1012        0.0499      
1013        0.0502      
1014        0.0999      
1015        0.0815      
1016        0.0000      
1017        0.6993      
1018        0.1966      
1019        0.4863      
1020        0.4899      
1021        0.0307      
1022        0.0235      
1023        0.6013      
1024        0.5717      
1025        0.6441      
1026        0.0295      
1027        0.2274      
1028        0.4539      
1029        0.5800      
1030        0.4688      
1031        0.4115      
1032        0.0353      
1033        0.5828      
1034        0.0304      
1035        0.6858      
1036        0.0226      
1037        0.6858      
1038        0.0441      
1039        0.5024      
1040        0.6993      
1041        0.0080      
1042        0.0051      
1043        0.6993      
1044        0.0237      
1045        0.0009      
1046        0.4662      
1047        0.0677      
1048        0.0466      
1049        0.6993      
1050        0.6837      
1051        0.6858      
1052        0.0443      
1053        0.0184      
1054        0.6993      
1055        0.6357      
1056        0.4891      
1057        0.0184      
1058        0.6993      
1059        0.6357      
1060        0.0420      
1061        0.7081      
1062        0.0000      
1063        0.1411      
1064        0.4625      
1065        0.0709      
1066        0.5828      
1067        0.1032      
1068        0.1062      
1069        0.0245      
1070        0.6993      
1071        0.6993      
1072        0.4371      
1073        0.5828      
1074        0.6993      
1075        0.6993      
1076        0.6858      
1077        0.4498      
1078        0.6993      
1079        0.0000      
1080        0.6357      
1081        0.4214      
1082        0.0026      
1083        0.6808      
1084        0.3404      
1085        0.6993      
1086        0.4482      
1087        0.6357      
1088        0.1173      
1089        0.6858      
1090        0.6717      
1091        0.4115      
1092        0.0385      
1093        0.6993      
1094        0.6357      
1095        0.0368      
1096        0.0158      
1097        0.6357      
1098        0.7172      
1099        0.0396      
1100        0.6993      
1101        0.1256      
1102        0.0993      
1103        0.0415      
1104        0.5379      
1105        0.6993      
1106        0.6804      
1107        0.4114      
1108        0.2828      
1109        0.0209      
1110        0.0343      
1111        0.6993      
1112        0.2939      
1113        0.2392      
1114        0.6993      
1115        0.0283      
1116        0.6993      
1117        0.0249      
1118        0.3511      
1119        0.6215      
1120        0.4089      
1121        0.1596      
1122        0.0125      
1123        0.6993      
1124        0.0453      
1125        0.0037      
1126        0.0194      
1127        0.0442      
1128        0.6993      
1129        0.0596      
1130        0.4510      
1131        0.0718      
1132        0.3029      
1133        0.0875      
1134        0.7002      
1135        0.3179      
1136        0.1507      
1137        0.6441      
1138        0.6333      
1139        0.6993      
1140        0.6993      
1141        0.6013      
1142        0.6858      
1143        0.6357      
1144        0.7002      
1145        0.0412      
1146        0.0458      
1147        0.0001      
1148        0.3162      
1149        0.6993      
1150        0.6993      
1151        0.1044      
1152        0.6837      
1153        0.5379      
1154        0.5335      
1155        0.5379      
1156        0.4498      
1157        0.6357      
1158        0.6993      
1159        0.6858      
1160        0.0018      
1161        0.6993      
1162        0.0683      
1163        0.4662      
1164        0.0046      
1165        0.0206      
1166        0.0665      
1167        0.0466      
1168        0.1367      
1169        0.6858      
1170        0.6993      
1171        0.0711      
1172        0.1821      
1173        0.0639      
1174        0.6993      
1175        0.6808      
1176        0.0671      
1177        0.7172      
1178        0.4381      
1179        0.7002      
1180        0.0224      
1181        0.5888      
1182        0.5828      
1183        0.1826      
1184        0.1552      
1185        0.3130      
1186        0.6993      
1187        0.6993      
1188        0.6512      
1189        0.0015      
1190        0.6993      
1191        0.5990      
1192        0.6808      
1193        0.6808      
1194        0.0492      
1195        0.5181      
1196        0.0662      
1197        0.6357      
1198        0.0249      
1199        0.5828      
1200        0.2995      
1201        0.1099      
1202        0.4371      
1203        0.4863      
1204        0.6993      
1205        0.7254      
1206        0.6517      
1207        0.6993      
1208        0.5828      
1209        0.4115      
1210        0.4080      
1211        0.0281      
1212        0.2790      
1213        0.0209      
1214        0.6993      
1215        0.6443      
1216        0.0051      
1217        0.5828      
1218        0.4371      
1219        0.0059      
1220        0.4995      
1221        0.5770      
1222        0.4931      
1223        0.1301      
1224        0.0763      
1225        0.3583      
1226        0.0030      
1227        0.4457      
1228        0.3974      
1229        0.4608      
1230        0.6858      
1231        0.6993      
1232        0.0550      
1233        0.2882      
1234        0.6993      
1235        0.0001      
1236        0.3915      
1237        0.0636      
1238        0.5847      
1239        0.6993      
1240        0.2095      
1241        0.4115      
1242        0.0390      
1243        0.6993      
1244        0.4863      
1245        0.4913      
1246        0.0030      
1247        0.0378      
1248        0.0001      
1249        0.0560      
1250        0.0114      
1251        0.0328      
1252        0.0000      
1253        0.0070      
1254        0.4115      
1255        0.1116      
1256        0.6993      
1257        0.0517      
1258        0.4995      
1259        0.6357      
1260        0.5379      
1261        0.6993      
1262        0.5237      
1263        0.1078      
1264        0.7116      
1265        0.6993      
1266        0.7254      
1267        0.6993      
1268        0.0583      
1269        0.6993      
1270        0.0523      
1271        0.6993      
1272        0.6808      
1273        0.0311      
1274        0.5089      
1275        0.6357      
1276        0.6993      
1277        0.0114      
1278        0.0377      
1279        0.0325      
1280        0.7980      
1281        0.7172      
1282        0.6993      
1283        0.0319      
1284        0.0192      
1285        0.6993      
1286        0.0774      
1287        0.6993      
1288        0.6993      
1289        0.6808      
1290        0.0466      
1291        0.0955      
1292        0.0416      
1293        0.6993      
1294        0.5828      
1295        0.1794      
1296        0.6993      
1297        0.6858      
1298        0.0555      
1299        0.6858      
1300        0.6993      
1301        0.6837      
1302        0.0001      
1303        0.6993      
1304        0.6808      
1305        0.0243      
1306        0.0302      
1307        0.0218      
1308        0.1405      
1309        0.6808      
1310        0.5181      
1311        0.0993      
1312        0.1188      
1313        0.7290      
1314        0.0190      
1315        0.6993      
1316        0.4295      
1317        0.6993      
1318        0.5828      
1319        0.0587      
1320        0.5010      
1321        0.0707      
1322        0.3387      
1323        0.6993      
1324        0.0238      
1325        0.0174      
1326        0.6664      
1327        0.2585      
1328        0.0192      
1329        0.0302      
1330        0.5466      
1331        0.6993      
1332        0.6808      
1333        0.6858      
1334        0.6676      
1335        0.0150      
1336        0.4572      
1337        0.0406      
1338        0.0778      
1339        0.0583      
1340        0.1176      
1341        0.0344      
1342        0.0892      
1343        0.6858      
1344        0.5271      
1345        0.7119      
1346        0.0635      
1347        0.0768      
1348        0.0811      
1349        0.4985      
1350        0.4864      
1351        0.4864      
1352        0.7019      
1353        0.6993      
1354        0.7003      
1355        0.0190      
1356        0.4354      
1357        0.0329      
1358        0.6858      
1359        0.6837      
1360        0.4863      
1361        0.6993      
1362        0.4662      
1363        0.0013      
1364        0.0053      
1365        0.6993      
1366        0.0821      
1367        0.3165      
1368        0.6993      
1369        0.0676      
1370        0.1519      
1371        0.6993      
1372        0.6993      
1373        0.3432      
1374        0.0609      
1375        0.6045      
1376        0.7019      
1377        0.6837      
1378        0.0548      
1379        0.4354      
1380        0.0404      
1381        0.1545      
1382        0.5828      
1383        0.6357      
1384        0.1742      
1385        0.6936      
1386        0.1071      
1387        0.6858      
1388        0.0045      
1389        0.5289      
1390        0.0188      
1391        0.6808      
1392        0.6993      
1393        0.0012      
1394        0.4034      
1395        0.6837      
1396        0.0224      
1397        0.4984      
1398        0.6993      
1399        0.0766      
1400        0.6808      
1401        0.6993      
1402        0.2849      
1403        0.5237      
1404        0.5379      
1405        0.3019      
1406        0.0213      
1407        0.6993      
1408        0.0830      
1409        0.5828      
1410        0.0721      
1411        0.0410      
1412        0.6678      
1413        0.3885      
1414        0.6993      
1415        0.3267      
1416        0.0766      
1417        0.1130      
1418        0.4863      
1419        0.1350      
1420        0.6878      
1421        0.0297      
1422        0.1071      
1423        0.0654      
1424        0.0730      
1425        0.0409      
1426        0.0086      
1427        0.6993      
1428        0.5990      
1429        0.0683      
1430        0.6993      
1431        0.4115      
1432        0.0714      
1433        0.6601      
1434        0.2184      
1435        0.0764      
1436        0.6993      
1437        0.6993      
1438        0.0000      
1439        0.0157      
1440        0.6357      
1441        0.4255      
1442        0.0295      
1443        0.1324      
1444        0.0548      
1445        0.0513      
1446        0.4863      
1447        0.6993      
1448        0.6993      
1449        0.5237      
1450        0.6215      
1451        0.4005      
1452        0.4995      
1453        0.0369      
1454        0.6059      
1455        0.0401      
1456        0.6858      
1457        0.0544      
1458        0.6013      
1459        0.0030      
1460        0.6045      
1461        0.0150      
1462        0.3332      
1463        0.6858      
1464        0.6808      
1465        0.4725      
1466        0.0229      
1467        0.6993      
1468        0.0336      
1469        0.5298      
1470        0.0190      
1471        0.1063      
1472        0.6993      
1473        0.5487      
1474        0.6357      
1475        0.0321      
1476        0.0220      
1477        0.0115      
1478        0.1194      
1479        0.6993      
1480        0.3328      
1481        0.0511      
1482        0.0508      
1483        0.3650      
1484        0.6358      
1485        0.0169      
1486        0.6357      
1487        0.6993      
1488        0.0243      
1489        0.4863      
1490        0.6858      
1491        0.0895      
1492        0.6808      
1493        0.6993      
1494        0.6858      
1495        0.6808      
1496        0.6357      
1497        0.4995      
1498        0.2692      
1499        0.0105      
1500        0.0337      
1501        0.6993      
1502        0.3758      
1503        0.0409      
1504        0.1136      
1505        0.0048      
1506        0.6993      
1507        0.0740      
1508        0.5990      
1509        0.6993      
1510        0.3885      
1511        0.0810      
1512        0.5124      
1513        0.4239      
1514        0.6993      
1515        0.1027      
1516        0.6837      
1517        0.4891      
1518        0.6993      
1519        0.0150      
1520        0.6993      
1521        0.5596      
1522        0.6993      
1523        0.6357      
1524        0.0499      
1525        0.4995      
1526        0.4995      
1527        0.3917      
1528        0.0274      
1529        0.1019      
1530        0.7172      
1531        0.6993      
1532        0.0029      
1533        0.6993      
1534        0.6878      
1535        0.6808      
1536        0.1999      
1537        0.7254      
1538        0.0022      
1539        0.7081      
1540        0.4114      
1541        0.6858      
1542        0.6333      
1543        0.0466      
1544        0.0352      
1545        0.6858      
1546        0.2828      
1547        0.6858      
1548        0.6993      
1549        0.0218      
1550        0.6357      
1551        0.0137      
1552        0.0275      
1553        0.6858      
1554        0.6357      
1555        0.6993      
1556        0.6517      
1557        0.0254      
1558        0.4824      
1559        0.5525      
1560        0.6215      
1561        0.6808      
1562        0.6858      
1563        0.6993      
1564        0.4995      
1565        0.4968      
1566        0.0656      
1567        0.6357      
1568        0.6808      
1569        0.7254      
1570        0.6993      
1571        0.6993      
1572        0.6837      
1573        0.0703      
1574        0.1771      
1575        0.0550      
1576        0.6858      
1577        0.6358      
1578        0.0088      
1579        0.0112      
1580        0.6878      
1581        0.0381      
1582        0.6808      
1583        0.5780      
1584        0.6808      
1585        0.6290      
1586        0.0459      
1587        0.0126      
1588        0.6993      
1589        0.0385      
1590        0.6993      
1591        0.0343      
1592        0.6235      
1593        0.6993      
1594        0.6993      
1595        0.0167      
1596        0.6993      
1597        0.0562      
1598        0.0161      
1599        0.5828      
