ID          FITNESS     NUM_GENS    
0           0.8775      
1           0.0008      
2           0.8413      
3           0.6423      
4           0.9625      
5           1.0087      
6           1.0263      
7           0.0491      
8           0.9755      
9           0.9458      
10          0.0974      
11          0.7566      
12          0.8107      
13          0.0725      
14          1.0486      
15          0.0054      
16          0.5140      
17          0.1656      
18          1.0106      
19          1.0309      
20          0.0125      
21          0.3267      
22          1.0331      
23          0.4858      
24          0.2689      
25          0.0182      
26          0.0402      
27          0.7316      
28          1.0488      
29          0.0158      
30          0.7697      
31          0.7697      
32          0.2905      
33          0.0011      
34          0.0000      
35          0.9050      
36          0.0012      
37          0.2250      
38          0.3517      
39          0.7707      
40          0.0001      
41          0.6922      
42          0.0022      
43          0.8258      
44          1.0500      
45          0.9988      
46          0.0160      
47          0.4636      
48          1.0318      
49          0.6453      
50          0.9787      
51          1.0318      
52          1.0486      
53          1.0486      
54          1.0486      
55          1.0486      
56          0.3032      
57          1.0318      
58          1.0337      
59          1.0017      
60          1.0337      
61          0.9951      
62          0.7112      
63          0.7029      
64          0.5435      
65          0.2516      
66          0.4486      
67          0.3709      
68          0.0037      
69          0.0021      
70          0.0012      
71          1.0496      
72          0.0818      
73          1.0586      
74          0.0000      
75          0.9653      
76          1.0727      
77          0.5494      
78          0.8600      
79          0.3895      
80          0.8304      
81          0.1960      
82          0.2372      
83          0.3382      
84          1.0232      
85          1.0232      
86          0.0000      
87          0.8673      
88          0.7185      
89          0.7566      
90          0.3097      
91          0.2224      
92          0.2908      
93          0.3030      
94          0.4550      
95          0.0072      
96          1.0339      
97          0.5414      
98          0.8904      
99          0.0016      
100         0.7639      
101         1.0167      
102         1.0331      
103         0.3354      
104         1.0318      
105         0.4547      
106         0.1693      
107         0.8241      
108         0.1005      
109         0.2237      
110         1.0496      
111         0.1954      
112         0.2975      
113         1.0730      
114         0.5746      
115         0.0869      
116         1.0505      
117         0.0173      
118         1.0280      
119         0.8698      
120         0.3649      
121         0.8782      
122         0.5138      
123         0.0813      
124         0.4790      
125         0.0397      
126         0.0012      
127         1.0496      
128         1.0023      
129         1.0318      
130         0.9973      
131         0.1025      
132         0.5453      
133         1.0246      
134         0.6199      
135         0.6199      
136         0.3432      
137         0.0001      
138         1.0389      
139         0.0031      
140         1.0090      
141         1.0337      
142         0.1401      
143         0.9773      
144         0.8132      
145         0.0004      
146         0.8241      
147         0.4904      
148         0.9623      
149         0.1296      
150         0.4488      
151         0.5138      
152         0.0600      
153         0.8783      
154         0.6753      
155         0.3922      
156         0.2524      
157         0.7479      
158         0.5595      
159         0.5992      
160         0.8631      
161         0.8432      
162         0.3860      
163         0.7126      
164         1.0488      
165         0.0012      
166         1.0496      
167         0.8881      
168         0.9716      
169         0.1148      
170         0.2618      
171         0.7283      
172         0.9539      
173         0.9973      
174         0.0011      
175         0.8829      
176         0.2363      
177         0.9523      
178         0.3032      
179         0.0000      
180         0.8990      
181         0.0954      
182         0.0000      
183         0.3843      
184         1.0337      
185         0.9302      
186         0.0017      
187         0.8120      
188         0.8120      
189         0.6435      
190         0.7426      
191         0.2170      
192         0.0012      
193         0.4907      
194         0.5746      
195         0.0266      
196         0.1944      
197         1.0434      
198         1.0477      
199         0.0019      
200         1.0432      
201         0.8631      
202         0.6823      
203         0.0897      
204         0.3267      
205         0.0221      
206         0.0000      
207         0.0006      
208         0.9637      
209         0.9973      
210         0.2821      
211         0.0255      
212         0.9973      
213         0.9973      
214         0.7310      
215         0.0054      
216         0.8163      
217         1.0389      
218         0.8791      
219         0.9863      
220         0.8538      
221         0.9768      
222         0.0031      
223         0.8713      
224         0.1356      
225         0.1958      
226         0.7767      
227         1.0318      
228         0.0531      
229         0.0500      
230         0.1128      
231         1.0442      
232         0.0031      
233         0.3415      
234         0.6247      
235         0.1051      
236         1.0432      
237         0.5660      
238         0.0041      
239         1.0432      
240         0.7650      
241         0.9022      
242         1.0295      
243         0.9492      
244         0.3579      
245         1.0496      
246         0.0036      
247         0.0496      
248         0.5465      
249         0.0012      
250         0.0202      
251         0.0005      
252         1.0339      
253         0.0009      
254         0.8749      
255         0.7576      
256         0.8163      
257         0.0006      
258         0.1267      
259         0.0018      
260         1.0389      
261         1.0320      
262         0.6545      
263         0.4092      
264         0.8042      
265         1.0337      
266         0.0001      
267         1.0318      
268         0.8730      
269         0.4810      
270         1.0442      
271         1.0484      
272         1.0496      
273         0.0577      
274         0.5629      
275         0.4823      
276         0.7385      
277         1.0432      
278         0.1209      
279         0.0255      
280         0.9440      
281         0.9022      
282         0.2824      
283         0.8727      
284         1.0496      
285         1.0496      
286         1.0496      
287         1.0063      
288         0.3792      
289         0.6893      
290         0.0332      
291         0.0011      
292         1.0339      
293         1.0339      
294         1.0339      
295         0.1374      
296         0.0530      
297         0.3032      
298         0.1320      
299         0.0000      
300         0.0030      
301         0.0006      
302         1.0320      
303         0.2817      
304         0.6460      
305         0.7566      
306         0.4989      
307         0.3623      
308         0.0530      
309         0.0000      
310         0.9755      
311         0.0000      
312         1.0219      
313         0.8647      
314         1.0219      
315         1.0034      
316         0.4685      
317         0.0055      
318         1.0432      
319         0.6108      
320         1.0344      
321         0.7172      
322         0.4422      
323         0.4955      
324         0.0043      
325         0.5588      
326         0.0169      
327         0.0570      
328         0.3010      
329         1.0063      
330         0.0059      
331         1.0339      
332         0.8003      
333         1.0339      
334         0.1712      
335         0.0438      
336         0.6966      
337         0.0001      
338         0.5714      
339         0.0040      
340         0.1332      
341         0.1656      
342         0.0127      
343         0.5695      
344         0.9200      
345         0.9966      
346         0.0004      
347         0.3841      
348         1.0318      
349         0.5841      
350         0.2007      
351         0.0653      
352         0.0028      
353         0.0099      
354         0.2169      
355         1.0295      
356         0.0000      
357         1.0356      
358         1.0432      
359         1.0377      
360         1.0377      
361         0.2985      
362         1.0432      
363         1.0553      
364         1.0398      
365         0.5974      
366         0.2670      
367         0.3754      
368         1.0178      
369         0.9973      
370         1.0043      
371         1.0010      
372         0.6690      
373         0.3571      
374         1.0043      
375         0.1939      
376         0.6966      
377         0.8866      
378         1.0389      
379         1.0389      
380         0.1132      
381         0.8936      
382         1.0033      
383         1.0033      
384         0.9984      
385         0.6830      
386         0.1663      
387         1.0318      
388         0.9380      
389         1.0318      
390         0.6925      
391         0.0531      
392         0.0679      
393         0.6271      
394         1.0285      
395         1.0137      
396         0.0015      
397         0.9493      
398         0.2707      
399         0.5644      
400         0.7408      
401         1.0432      
402         0.0000      
403         0.2988      
404         0.1406      
405         0.5338      
406         0.2782      
407         0.2589      
408         0.2782      
409         0.8439      
410         0.9863      
411         0.0011      
412         1.0043      
413         0.7676      
414         0.0225      
415         0.6795      
416         0.9973      
417         0.0044      
418         1.0389      
419         0.6281      
420         0.0058      
421         0.9458      
422         1.0033      
423         0.1452      
424         0.4574      
425         0.6222      
426         1.0025      
427         1.0320      
428         0.7727      
429         0.3074      
430         0.0012      
431         1.0318      
432         0.6826      
433         0.7566      
434         0.0003      
435         0.1306      
436         1.0285      
437         0.3363      
438         0.0897      
439         0.2700      
440         0.8775      
441         0.0638      
442         0.4163      
443         0.3277      
444         0.3287      
445         0.0044      
446         0.0045      
447         1.0553      
448         0.2348      
449         1.0553      
450         1.0553      
451         0.2005      
452         0.3814      
453         0.1327      
454         1.0175      
455         0.1162      
456         1.0129      
457         0.4392      
458         0.7863      
459         0.4235      
460         1.0318      
461         0.0006      
462         1.0033      
463         0.1171      
464         0.3920      
465         0.0018      
466         1.0320      
467         0.9460      
468         1.0320      
469         0.7568      
470         0.0712      
471         0.9277      
472         1.0318      
473         0.3038      
474         0.2725      
475         0.0274      
476         0.9977      
477         0.1303      
478         0.4937      
479         0.8658      
480         0.0047      
481         0.5103      
482         0.9371      
483         1.0501      
484         0.6988      
485         0.2286      
486         0.7041      
487         0.4819      
488         0.1706      
489         0.3774      
490         0.0000      
491         1.0148      
492         0.2875      
493         0.1008      
494         0.9372      
495         0.1678      
496         0.7652      
497         0.3426      
498         0.0000      
499         0.7214      
500         0.0169      
501         1.0504      
502         0.9629      
503         0.2089      
504         1.0191      
505         1.0320      
506         1.0320      
507         0.7758      
508         0.7023      
509         0.2055      
510         0.0105      
511         1.0155      
512         1.0318      
513         1.0318      
514         0.0001      
515         0.1691      
516         1.0285      
517         0.9428      
518         0.7248      
519         0.1199      
520         0.2305      
521         0.9485      
522         1.0398      
523         0.3837      
524         0.3960      
525         0.4530      
526         0.4664      
527         0.7276      
528         1.0239      
529         0.6760      
530         0.6976      
531         0.7973      
532         0.0451      
533         0.8439      
534         0.8808      
535         0.6588      
536         1.0129      
537         0.3780      
538         0.7542      
539         0.3032      
540         0.0362      
541         0.0002      
542         1.0320      
543         0.5546      
544         1.0191      
545         0.8160      
546         0.9460      
547         1.0320      
548         1.0186      
549         0.5910      
550         0.0010      
551         0.1134      
552         0.7803      
553         0.6848      
554         0.9851      
555         1.0286      
556         0.6325      
557         0.2037      
558         0.4439      
559         1.0232      
560         0.0021      
561         1.0348      
562         0.0388      
563         0.8775      
564         0.3158      
565         1.0553      
566         1.0553      
567         0.0111      
568         0.0087      
569         0.8930      
570         0.9876      
571         0.0013      
572         0.1081      
573         1.0027      
574         0.5624      
575         1.0219      
576         1.0219      
577         0.1634      
578         0.9068      
579         0.6966      
580         1.0504      
581         1.0504      
582         1.0320      
583         1.0191      
584         0.6322      
585         0.3032      
586         1.0320      
587         0.5865      
588         0.9923      
589         0.2641      
590         1.0285      
591         0.7715      
592         0.4146      
593         0.4024      
594         0.7803      
595         0.0028      
596         1.0286      
597         1.0171      
598         0.8692      
599         1.0384      
600         0.3123      
601         0.3873      
602         0.0132      
603         0.1844      
604         0.2988      
605         0.5869      
606         0.4469      
607         0.8748      
608         0.8509      
609         0.0707      
610         1.0553      
611         0.1211      
612         0.9192      
613         1.0027      
614         0.1388      
615         0.6325      
616         1.0166      
617         0.3214      
618         1.0493      
619         1.0493      
620         1.0080      
621         0.7855      
622         0.7201      
623         0.3000      
624         0.0002      
625         0.8929      
626         0.0349      
627         1.0186      
628         0.2171      
629         0.0537      
630         0.8081      
631         1.0285      
632         0.8323      
633         1.0124      
634         1.0124      
635         0.0368      
636         1.0286      
637         0.1242      
638         1.0286      
639         0.1452      
640         1.0409      
641         0.6397      
642         0.0078      
643         1.0553      
644         1.0553      
645         1.0239      
646         0.0055      
647         0.9285      
648         0.9864      
649         0.5502      
650         0.0000      
651         1.0169      
652         0.1670      
653         0.0256      
654         0.7525      
655         0.8862      
656         0.6245      
657         0.8113      
658         0.8862      
659         0.3032      
660         0.9619      
661         0.0009      
662         0.7959      
663         0.2844      
664         0.5135      
665         0.4480      
666         0.2161      
667         0.6518      
668         0.5429      
669         0.9923      
670         0.7543      
671         1.0285      
672         1.0285      
673         0.3574      
674         0.0026      
675         0.0993      
676         0.0166      
677         0.6698      
678         0.0005      
679         0.0007      
680         0.6207      
681         0.5983      
682         1.0553      
683         1.0553      
684         0.8267      
685         1.0522      
686         0.0000      
687         0.8748      
688         0.8453      
689         0.9322      
690         0.2294      
691         0.0366      
692         0.0000      
693         0.0144      
694         0.9447      
695         1.0219      
696         0.8646      
697         0.4565      
698         0.9197      
699         0.4622      
700         0.0096      
701         0.8069      
702         0.0000      
703         0.7314      
704         0.8983      
705         0.2109      
706         0.8722      
707         0.4791      
708         0.1180      
709         1.0371      
710         0.7684      
711         0.0271      
712         0.1574      
713         0.1787      
714         0.0033      
715         0.9823      
716         1.0155      
717         0.3771      
718         0.0000      
719         0.5078      
720         1.0255      
721         0.0716      
722         0.2977      
723         0.1785      
724         0.9477      
725         0.6396      
726         0.6598      
727         0.9864      
728         0.9864      
729         0.9042      
730         0.6356      
731         1.0169      
732         1.0169      
733         0.8794      
734         0.0038      
735         0.8029      
736         0.9821      
737         1.0219      
738         0.8749      
739         0.3038      
740         1.0033      
741         1.0270      
742         1.0558      
743         1.0558      
744         0.4211      
745         0.0000      
746         1.0183      
747         0.1611      
748         1.0371      
749         0.1801      
750         0.2736      
751         0.8211      
752         0.9512      
753         0.7873      
754         0.1328      
755         0.6297      
756         0.9308      
757         1.0155      
758         0.3137      
759         0.8179      
760         0.8169      
761         0.9444      
762         0.6735      
763         0.3217      
764         0.9477      
765         0.0920      
766         0.7768      
767         1.0285      
768         0.0000      
769         0.6283      
770         0.6356      
771         0.0028      
772         0.0023      
773         0.2204      
774         0.3759      
775         1.0219      
776         1.0219      
777         0.0000      
778         0.9643      
779         0.1034      
780         0.0892      
781         0.6276      
782         1.0270      
783         1.0558      
784         1.0385      
785         1.0385      
786         0.6654      
787         0.5507      
788         0.0006      
789         0.3094      
790         0.2250      
791         0.7580      
792         0.4432      
793         0.9512      
794         1.0307      
795         0.2293      
796         1.0155      
797         0.0049      
798         0.6472      
799         0.0000      
800         0.0007      
801         0.1881      
802         0.7729      
803         0.8951      
804         0.7068      
805         0.9864      
806         0.1241      
807         0.0006      
808         0.9851      
809         0.1637      
810         0.0013      
811         0.6034      
812         1.0012      
813         0.5663      
814         0.8372      
815         1.0024      
816         0.6929      
817         0.2759      
818         0.0023      
819         0.6779      
820         0.2047      
821         0.7531      
822         0.6818      
823         0.7205      
824         1.0385      
825         0.1536      
826         0.0000      
827         0.3680      
828         1.0371      
829         0.7643      
830         0.0271      
831         0.2911      
832         0.9485      
833         1.0307      
834         0.9704      
835         0.9658      
836         0.7136      
837         1.0128      
838         0.6328      
839         0.6788      
840         0.0045      
841         0.8169      
842         0.1437      
843         0.7889      
844         0.7889      
845         0.0008      
846         0.9864      
847         1.0285      
848         1.0285      
849         1.0285      
850         0.2003      
851         0.8089      
852         0.0146      
853         0.0044      
854         0.0001      
855         0.2350      
856         1.0219      
857         1.0221      
858         1.0221      
859         0.4711      
860         0.6440      
861         0.0070      
862         1.0270      
863         0.1205      
864         0.0000      
865         0.8694      
866         0.7794      
867         0.3239      
868         0.7786      
869         1.0256      
870         0.6599      
871         0.6174      
872         0.0000      
873         0.3060      
874         0.0405      
875         0.0015      
876         0.9658      
877         0.7082      
878         1.0267      
879         0.8679      
880         0.0511      
881         0.7810      
882         0.0440      
883         0.7465      
884         0.9106      
885         0.4592      
886         0.4509      
887         0.3351      
888         1.0285      
889         1.0285      
890         0.4099      
891         1.0169      
892         0.9749      
893         0.0176      
894         1.0219      
895         1.0169      
896         0.9813      
897         0.8649      
898         0.1383      
899         0.1365      
900         0.4327      
901         0.1129      
902         0.0078      
903         1.0270      
904         0.7680      
905         1.0270      
906         1.0270      
907         1.0256      
908         1.0279      
909         1.0256      
910         0.6833      
911         0.9055      
912         0.9722      
913         0.9048      
914         0.0671      
915         0.9871      
916         0.9663      
917         1.0267      
918         0.9863      
919         0.3105      
920         1.0213      
921         0.7434      
922         0.2283      
923         0.8686      
924         0.0028      
925         0.0020      
926         1.0285      
927         0.0000      
928         0.7710      
929         0.7959      
930         1.0285      
931         1.0169      
932         1.0169      
933         0.6991      
934         0.8649      
935         0.3009      
936         1.0129      
937         0.1941      
938         0.8794      
939         0.1330      
940         0.9336      
941         0.8422      
942         0.4054      
943         0.0043      
944         0.5973      
945         0.0962      
946         0.0043      
947         0.8690      
948         0.1339      
949         0.0006      
950         0.1141      
951         0.0000      
952         0.6038      
953         0.2077      
954         0.9871      
955         1.0327      
956         0.9048      
957         0.1444      
958         1.0213      
959         0.5679      
960         1.0298      
961         0.9331      
962         0.0286      
963         0.1758      
964         0.8336      
965         1.0277      
966         0.9864      
967         1.0285      
968         0.3876      
969         0.1870      
970         1.0129      
971         0.0000      
972         0.8605      
973         0.5882      
974         0.8571      
975         1.0079      
976         0.0000      
977         0.2119      
978         0.3001      
979         0.9249      
980         0.5484      
981         0.4038      
982         0.9304      
983         0.8671      
984         0.0000      
985         1.0006      
986         0.9741      
987         1.0577      
988         1.0577      
989         0.8199      
990         0.7351      
991         0.6805      
992         1.0145      
993         0.9871      
994         0.3157      
995         0.2269      
996         0.0123      
997         0.9863      
998         1.0306      
999         0.2107      
1000        0.9863      
1001        0.3174      
1002        1.0298      
1003        0.0000      
1004        1.0274      
1005        1.0277      
1006        0.6661      
1007        0.9420      
1008        0.6753      
1009        1.0129      
1010        1.0129      
1011        1.0169      
1012        1.0169      
1013        0.0043      
1014        0.1882      
1015        1.0129      
1016        0.0025      
1017        0.5748      
1018        0.0023      
1019        0.0245      
1020        0.2858      
1021        0.9392      
1022        1.0156      
1023        0.0525      
1024        1.0256      
1025        0.8960      
1026        1.0577      
1027        1.0577      
1028        0.8313      
1029        1.0577      
1030        0.0038      
1031        0.5490      
1032        0.1111      
1033        0.1115      
1034        0.9048      
1035        0.8330      
1036        0.8436      
1037        0.9048      
1038        0.3008      
1039        0.7810      
1040        0.3877      
1041        1.0123      
1042        1.0196      
1043        0.0102      
1044        0.1280      
1045        1.0277      
1046        0.0007      
1047        0.9864      
1048        0.0176      
1049        0.8571      
1050        1.0169      
1051        0.7672      
1052        1.0169      
1053        0.9618      
1054        0.2065      
1055        0.1751      
1056        1.0079      
1057        0.0104      
1058        0.0015      
1059        0.4537      
1060        1.0156      
1061        1.0156      
1062        0.0578      
1063        1.0256      
1064        1.0577      
1065        0.0006      
1066        1.0577      
1067        0.9696      
1068        0.0074      
1069        1.0577      
1070        0.0008      
1071        0.9696      
1072        0.0626      
1073        0.2643      
1074        0.7080      
1075        0.2837      
1076        1.0301      
1077        0.0094      
1078        1.0298      
1079        0.2037      
1080        1.0298      
1081        0.7810      
1082        0.8176      
1083        0.9993      
1084        0.9973      
1085        0.8692      
1086        0.7649      
1087        0.2982      
1088        0.9864      
1089        1.0169      
1090        1.0169      
1091        0.9864      
1092        0.3009      
1093        0.2383      
1094        0.4670      
1095        0.8794      
1096        0.7623      
1097        0.9285      
1098        0.9864      
1099        0.3092      
1100        0.5626      
1101        0.8110      
1102        0.6825      
1103        0.7760      
1104        0.2240      
1105        1.0577      
1106        1.0577      
1107        0.1978      
1108        1.0577      
1109        0.2859      
1110        0.2281      
1111        0.9898      
1112        0.1379      
1113        0.2493      
1114        1.0298      
1115        0.1300      
1116        0.0006      
1117        0.0243      
1118        0.7956      
1119        0.8332      
1120        0.8635      
1121        0.8628      
1122        0.6495      
1123        0.5917      
1124        0.9580      
1125        0.0008      
1126        0.9864      
1127        0.9285      
1128        0.9656      
1129        0.9864      
1130        0.0065      
1131        0.0269      
1132        0.2992      
1133        1.0129      
1134        0.1763      
1135        0.0031      
1136        0.0026      
1137        1.0079      
1138        0.0078      
1139        0.3773      
1140        1.0169      
1141        1.0169      
1142        0.9728      
1143        0.1199      
1144        0.6891      
1145        0.6228      
1146        1.0083      
1147        0.0238      
1148        0.8310      
1149        1.0577      
1150        0.8158      
1151        1.0577      
1152        1.0577      
1153        0.0132      
1154        1.0298      
1155        0.1385      
1156        0.5908      
1157        0.1217      
1158        1.0280      
1159        0.8513      
1160        0.9519      
1161        0.0041      
1162        0.6171      
1163        0.6782      
1164        0.6782      
1165        0.7497      
1166        0.5847      
1167        0.2325      
1168        0.0991      
1169        0.3138      
1170        0.0004      
1171        0.4351      
1172        0.0010      
1173        1.0129      
1174        1.0129      
1175        0.3946      
1176        1.0318      
1177        0.3782      
1178        0.3019      
1179        1.0169      
1180        1.0169      
1181        0.0000      
1182        0.9758      
1183        0.9799      
1184        0.1071      
1185        0.9904      
1186        1.0191      
1187        0.9642      
1188        0.8950      
1189        0.2492      
1190        0.4260      
1191        1.0577      
1192        0.8843      
1193        0.7716      
1194        0.8775      
1195        0.7698      
1196        0.8081      
1197        0.5265      
1198        0.4411      
1199        0.4694      
1200        1.0232      
1201        0.5763      
1202        0.6072      
1203        0.0026      
1204        0.9042      
1205        0.3690      
1206        0.6287      
1207        0.9819      
1208        0.8936      
1209        1.0318      
1210        0.0146      
1211        0.9690      
1212        0.4364      
1213        0.0009      
1214        0.2083      
1215        1.0318      
1216        1.0318      
1217        0.1846      
1218        1.0169      
1219        0.9882      
1220        1.0169      
1221        0.6886      
1222        0.0053      
1223        0.0000      
1224        0.0002      
1225        1.0191      
1226        0.4516      
1227        1.0191      
1228        1.0513      
1229        0.8895      
1230        1.0577      
1231        0.0011      
1232        0.3155      
1233        0.9118      
1234        0.9118      
1235        0.4483      
1236        0.8775      
1237        0.8658      
1238        0.7504      
1239        1.0232      
1240        0.1333      
1241        0.7223      
1242        1.0354      
1243        0.5461      
1244        0.2987      
1245        0.3541      
1246        1.0294      
1247        0.0566      
1248        1.0318      
1249        1.0245      
1250        0.2951      
1251        0.1656      
1252        1.0318      
1253        1.0318      
1254        1.0318      
1255        1.0318      
1256        0.0040      
1257        0.4681      
1258        0.9187      
1259        0.2340      
1260        0.9882      
1261        0.7457      
1262        0.7457      
1263        0.6411      
1264        0.6811      
1265        0.8907      
1266        1.0477      
1267        0.0078      
1268        0.8260      
1269        0.5684      
1270        1.0577      
1271        0.0256      
1272        0.8058      
1273        0.6419      
1274        0.7504      
1275        1.0232      
1276        0.8040      
1277        0.5637      
1278        1.0203      
1279        0.6159      
1280        0.8872      
1281        0.0895      
1282        0.8232      
1283        0.0044      
1284        1.0354      
1285        1.0336      
1286        0.0036      
1287        1.0294      
1288        0.3032      
1289        0.9005      
1290        1.0043      
1291        0.2888      
1292        0.4833      
1293        1.0318      
1294        1.0155      
1295        0.8107      
1296        1.0318      
1297        1.0318      
1298        1.0318      
1299        0.0891      
1300        0.5775      
1301        0.6116      
1302        0.4918      
1303        0.0000      
1304        0.1485      
1305        1.0690      
1306        0.1643      
1307        0.2397      
1308        1.0407      
1309        1.0513      
1310        1.0407      
1311        0.6933      
1312        0.0348      
1313        0.8358      
1314        1.0226      
1315        0.0785      
1316        0.8160      
1317        0.8137      
1318        0.7595      
1319        0.4411      
1320        0.0445      
1321        1.0354      
1322        1.0354      
1323        1.0354      
1324        1.0354      
1325        1.0352      
1326        1.0345      
1327        0.0038      
1328        0.4361      
1329        0.2387      
1330        0.3110      
1331        0.0039      
1332        0.0223      
1333        1.0023      
1334        0.9658      
1335        0.3782      
1336        1.0023      
1337        1.0143      
1338        0.9458      
1339        0.2093      
1340        1.0035      
1341        1.0074      
1342        1.0106      
1343        0.0213      
1344        0.0003      
1345        0.3777      
1346        0.6813      
1347        0.6086      
1348        0.1726      
1349        1.0513      
1350        1.0513      
1351        0.1445      
1352        0.2358      
1353        0.0000      
1354        0.0037      
1355        0.0678      
1356        0.0005      
1357        0.4430      
1358        0.8137      
1359        1.0212      
1360        0.2161      
1361        0.3684      
1362        1.0354      
1363        1.0352      
1364        0.9422      
1365        1.0345      
1366        0.0052      
1367        0.8804      
1368        0.0234      
1369        0.0170      
1370        1.0318      
1371        1.0318      
1372        1.0318      
1373        1.0318      
1374        0.9658      
1375        0.1623      
1376        0.0040      
1377        1.0318      
1378        0.0085      
1379        1.0318      
1380        1.0074      
1381        0.0253      
1382        1.0690      
1383        1.0690      
1384        0.9047      
1385        0.8895      
1386        0.9046      
1387        0.0000      
1388        0.8895      
1389        0.2644      
1390        0.3589      
1391        0.1770      
1392        0.2315      
1393        0.0016      
1394        1.0727      
1395        0.3307      
1396        1.0356      
1397        1.0356      
1398        0.3814      
1399        0.0008      
1400        1.0321      
1401        1.0303      
1402        0.9276      
1403        0.2975      
1404        0.2162      
1405        0.6046      
1406        0.2062      
1407        0.2078      
1408        0.8753      
1409        0.0015      
1410        0.9305      
1411        1.0318      
1412        0.1375      
1413        1.0318      
1414        0.0038      
1415        0.0004      
1416        0.1049      
1417        0.6920      
1418        1.0318      
1419        1.0318      
1420        1.0035      
1421        0.0000      
1422        1.0690      
1423        0.9795      
1424        0.0525      
1425        0.5067      
1426        0.1762      
1427        0.6237      
1428        0.1491      
1429        1.0169      
1430        0.0044      
1431        0.8978      
1432        0.8978      
1433        0.0019      
1434        1.0372      
1435        0.2987      
1436        0.0004      
1437        0.0021      
1438        1.0080      
1439        0.9243      
1440        0.5721      
1441        0.1013      
1442        0.8158      
1443        0.2181      
1444        0.0849      
1445        0.0060      
1446        0.8516      
1447        1.0352      
1448        0.8671      
1449        1.0318      
1450        0.0040      
1451        1.0318      
1452        1.0486      
1453        1.0486      
1454        0.6943      
1455        1.0160      
1456        0.0131      
1457        1.0318      
1458        0.8469      
1459        0.4078      
1460        0.0363      
1461        0.6923      
1462        0.9870      
1463        0.0022      
1464        0.3746      
1465        1.0568      
1466        0.2740      
1467        0.0898      
1468        0.1928      
1469        0.9583      
1470        0.3019      
1471        1.0488      
1472        1.0502      
1473        0.8040      
1474        0.2191      
1475        0.0012      
1476        0.0044      
1477        0.0412      
1478        0.1785      
1479        0.6778      
1480        0.0812      
1481        0.0010      
1482        1.0542      
1483        1.0500      
1484        0.0060      
1485        0.8652      
1486        0.0779      
1487        1.0352      
1488        0.9031      
1489        0.0006      
1490        1.0318      
1491        1.0318      
1492        0.5120      
1493        0.0031      
1494        0.8697      
1495        0.7566      
1496        1.0318      
1497        0.0531      
1498        0.8777      
1499        1.0318      
1500        0.5524      
1501        1.0331      
1502        1.0632      
1503        0.5256      
1504        1.0690      
1505        0.0182      
1506        1.0477      
1507        0.6922      
1508        0.8658      
1509        1.0169      
1510        0.0001      
1511        1.0488      
1512        0.9968      
1513        0.3723      
1514        0.0081      
1515        1.0430      
1516        0.0000      
1517        1.0660      
1518        1.0232      
1519        0.4411      
1520        0.7532      
1521        0.2987      
1522        0.0253      
1523        1.0500      
1524        0.8964      
1525        0.1006      
1526        1.0352      
1527        0.6597      
1528        0.6193      
1529        1.0318      
1530        0.1434      
1531        0.9458      
1532        0.3781      
1533        0.3130      
1534        0.4591      
1535        0.1462      
1536        0.8107      
1537        0.4104      
1538        1.0318      
1539        0.8509      
1540        1.0318      
1541        0.5550      
1542        1.0331      
1543        0.0000      
1544        1.0488      
1545        0.5677      
1546        0.3047      
1547        1.0698      
1548        0.0012      
1549        0.0000      
1550        0.6410      
1551        1.0488      
1552        0.1420      
1553        0.9065      
1554        0.0549      
1555        0.8612      
1556        0.0000      
1557        0.0087      
1558        0.6345      
1559        0.0002      
1560        0.6440      
1561        0.0626      
1562        0.0002      
1563        0.9496      
1564        0.5142      
1565        0.9646      
1566        0.9353      
1567        0.6125      
1568        0.0004      
1569        0.9458      
1570        0.2325      
1571        0.3806      
1572        0.9062      
1573        0.9612      
1574        0.5809      
1575        1.0319      
1576        0.5546      
1577        0.7756      
1578        0.1656      
1579        0.8950      
1580        0.6808      
1581        1.0337      
1582        1.0318      
1583        0.2949      
1584        0.0900      
1585        1.0488      
1586        0.2226      
1587        0.8260      
1588        0.8260      
1589        0.8260      
1590        0.0465      
1591        0.7697      
1592        0.6322      
1593        0.0725      
1594        0.8369      
1595        0.2903      
1596        0.5029      
1597        0.7828      
1598        0.9241      
1599        0.8775      
